Pedestrian 0.0 0 -1.635999321937561 679.1131591796875 161.2939453125 708.2939453125 234.64886474609375 0.90656084 1.6933477 0.62581617 2.1459765 1.2281132 17.050882 -1.5108003616333008 0.8182069063186646
Pedestrian 0.0 0 -1.5618804693222046 446.96331787109375 161.91712951660156 475.675537109375 236.94711303710938 0.8470155 1.6516842 0.62280345 -3.209363 1.2218145 16.284279 -1.7564702033996582 0.7664830088615417
Pedestrian 0.0 0 -2.9704558849334717 715.8762817382812 162.2512969970703 735.646240234375 207.00889587402344 0.6895107 1.7971007 0.67736894 5.0528283 1.0252291 29.27458 -2.7995386123657227 0.5584208369255066
Pedestrian 0.0 0 1.6791762113571167 228.90390014648438 166.97433471679688 287.08538818359375 298.09820556640625 0.7040619 1.6756151 0.63301015 -4.625974 1.4913269 9.614338 1.230718970298767 0.5453596711158752
Pedestrian 0.0 0 1.5953372716903687 728.9010620117188 164.22109985351562 742.0625 205.13394165039062 0.6859327 1.7410306 0.5420068 5.76527 1.0067039 30.957535 1.7794595956802368 0.5245193839073181
Pedestrian 0.0 0 -2.7651448249816895 531.7634887695312 167.078125 550.0599365234375 206.3201904296875 0.6532983 1.7630347 0.60372466 -2.761157 1.1160423 32.653282 -2.849503993988037 0.4664509892463684
Pedestrian 0.0 0 0.3431742787361145 382.6076965332031 164.32809448242188 412.0550231933594 217.3291015625 0.83414966 1.792192 0.550065 -7.006264 1.2126133 24.58916 0.0655970573425293 0.32268887758255005
Pedestrian 0.0 0 1.9285962581634521 201.50283813476562 155.7522735595703 229.70179748535156 213.88052368164062 0.76605225 1.8600067 0.5791824 -12.588359 1.037222 23.401592 1.4350690841674805 0.31098026037216187
Pedestrian 0.0 0 1.2750085592269897 0.0 152.74024963378906 42.13106155395508 231.12255859375 1.0568228 1.8787216 0.67099625 -14.499188 1.1905851 17.787989 0.5911211967468262 0.3101455569267273
Pedestrian 0.0 0 0.498563289642334 427.7730712890625 148.62437438964844 466.3230895996094 203.28228759765625 1.0906609 1.780915 0.6150702 -5.1481004 0.7108229 23.85173 0.28598666191101074 0.27403524518013
Pedestrian 0.0 0 1.1725438833236694 567.8302612304688 168.5944061279297 591.01513671875 201.43771362304688 1.7032136 1.7211487 0.63006985 -1.1953175 1.0456833 38.54708 1.1415445804595947 0.19315896928310394
Pedestrian 0.0 0 1.0417983531951904 555.4650268554688 166.90408325195312 583.4791870117188 202.34844970703125 1.7309599 1.7708354 0.6459675 -1.6539919 1.0424893 36.788265 0.9968688488006592 0.18645723164081573
Pedestrian 0.0 0 0.8897866606712341 408.8304443359375 152.18338012695312 447.04681396484375 200.58140563964844 1.5824089 1.8292946 0.5700286 -6.7542315 0.722246 27.854805 0.6518981456756592 0.14750248193740845
Pedestrian 0.0 0 -1.9835429191589355 733.0869750976562 164.7000274658203 761.6598510742188 208.35789489746094 1.631077 1.6684704 0.48616704 5.7163224 1.0274501 28.298489 -1.784224033355713 0.1289803832769394
Cyclist 0.0 0 1.8687533140182495 600.7393188476562 163.05145263671875 626.6504516601562 207.37831115722656 1.875905 1.8368073 0.5864785 0.5242417 1.0733243 30.746256 1.8858022689819336 0.4314904808998108
Cyclist 0.0 0 1.0229514837265015 555.4277954101562 166.43814086914062 583.3717651367188 201.76031494140625 1.7487081 1.7666585 0.6068572 -1.6591189 1.0142106 36.819992 0.977921724319458 0.4180072546005249
Cyclist 0.0 0 1.1725438833236694 567.8302612304688 168.5944061279297 591.01513671875 201.43771362304688 1.7032136 1.7211487 0.63006985 -1.1953175 1.0456833 38.54708 1.1415445804595947 0.3726944625377655
Cyclist 0.0 0 0.9164018034934998 408.8795166015625 152.0413818359375 448.6344909667969 200.53529357910156 1.7319943 1.830515 0.55949116 -6.7294774 0.7195606 27.874424 0.6795134544372559 0.36524397134780884
Cyclist 0.0 0 -1.9858702421188354 733.5736694335938 165.0774688720703 761.3809814453125 208.42066955566406 1.5569285 1.6582801 0.4832074 5.7202992 1.0309886 28.2925 -1.7863752841949463 0.30814680457115173
Cyclist 0.0 0 0.5057404041290283 428.6190490722656 148.6999053955078 467.9979248046875 203.7863311767578 1.1232984 1.7940738 0.6119284 -5.105765 0.726921 23.848341 0.2948312759399414 0.24720065295696259
Car 0.0 0 1.761734962463379 576.3165893554688 169.6219024658203 605.165283203125 192.416015625 4.140478 1.7072382 1.4903845 -0.7732491 0.81816494 55.968555 1.747920036315918 0.49288812279701233
