Pedestrian 0.0 0 -1.116105079650879 1146.369873046875 169.7682342529297 1203.6568603515625 224.77069091796875 2.176399 1.9419371 0.7522004 20.877867 1.5287896 26.165129 -0.44262930750846863 0.4693513512611389
Pedestrian 0.0 0 -3.6461308002471924 1141.254150390625 162.21435546875 1174.281982421875 205.1769561767578 0.9832849 1.9511455 0.7022195 25.571629 1.0762239 33.042953 -2.9875142574310303 0.16521385312080383
Cyclist 0.0 0 -1.6286324262619019 760.9382934570312 163.60406494140625 772.0857543945312 197.85025024414062 3.0115628 2.4296508 0.61689806 12.069433 1.160618 52.497 -1.4026522636413574 0.9987461566925049
Cyclist 0.0 0 -0.6755682826042175 0.0 193.76959228515625 57.353885650634766 280.4394836425781 1.4876465 2.389067 1.0013026 -16.952442 2.7608757 20.866793 -1.3578320741653442 0.2580481767654419
Car 0.0 0 -1.9959005117416382 780.8021240234375 180.945556640625 831.4586791992188 208.16851806640625 4.4969864 1.8220961 1.7079537 14.3101425 1.7856579 50.427364 -1.7193925380706787 0.2536639869213104
Car 0.0 0 -1.9502177238464355 780.4859619140625 181.83457946777344 816.4365234375 202.92489624023438 3.9663765 1.6815977 1.4977111 16.269737 1.7106622 59.389763 -1.6828293800354004 0.23766255378723145
Car 0.0 0 -2.426208734512329 1167.4468994140625 174.92567443847656 1238.0 213.58604431152344 3.9322593 1.5520934 1.6112942 26.851639 1.2891544 30.895576 -1.7107247114181519 0.23348967730998993
Car 0.0 0 -2.6006321907043457 1121.666015625 179.36424255371094 1238.0 238.31021118164062 3.7716284 1.6639304 1.6184418 18.62363 1.6047872 22.321552 -1.905303716659546 0.1757780760526657
Car 0.0 0 -1.803871750831604 731.89599609375 174.05552673339844 761.0521240234375 192.5228271484375 4.329305 1.6771928 1.723119 13.61019 1.0014693 67.42885 -1.6047025918960571 0.13005982339382172
Car 0.0 0 -2.4989986419677734 1159.2303466796875 177.27252197265625 1238.0 254.1409454345703 4.208415 1.5606651 1.609525 15.672472 1.4760762 16.794981 -1.7481601238250732 0.11773059517145157
