Pedestrian 0.0 0 -4.522922992706299 0.0 0.0 1242.0 375.0 0.77490914 1.9008316 0.65509593 10.597747 1.420701 -0.12632856 -2.94020676612854 0.10866152495145798
Cyclist 0.0 0 -1.1514058113098145 540.8839111328125 172.78489685058594 554.4024658203125 194.04782104492188 1.3330232 1.9879384 0.80077106 -5.9091873 1.9818337 68.21684 -1.2378137111663818 0.8227534890174866
Cyclist 0.0 0 -1.6363422870635986 661.5460205078125 172.92335510253906 677.1434936523438 207.77008056640625 2.424976 2.5991292 1.0260814 4.4877305 2.6048937 55.04022 -1.554986834526062 0.18190476298332214
Car 0.0 0 -1.755483865737915 620.7053833007812 182.6251220703125 647.5498046875 203.1147003173828 4.428211 1.6999507 1.6015681 2.0937152 2.6033823 64.37383 -1.722970962524414 0.5399347543716431
Car 0.0 0 -1.777662992477417 559.5298461914062 181.51060485839844 587.5441284179688 202.1983642578125 4.4457526 1.7487922 1.6493183 -3.358947 2.5612307 65.32537 -1.8290364742279053 0.39023563265800476
Car 0.0 0 -1.7147002220153809 549.0997924804688 182.8623809814453 578.1101684570312 209.00088500976562 4.3043556 1.835293 1.5854924 -3.5807853 2.6254637 54.667645 -1.7801077365875244 0.3520112931728363
Car 0.0 0 -1.4854716062545776 592.8528442382812 180.8930206298828 615.6918334960938 202.02525329589844 4.2236843 1.759136 1.669998 -0.49565473 2.495449 63.882416 -1.4932303428649902 0.3435089886188507
Car 0.0 0 -1.3026554584503174 529.0405883789062 184.609619140625 558.2474975585938 204.8152313232422 3.9099646 1.6902602 1.637348 -5.946651 2.7806222 64.83129 -1.3941245079040527 0.13879825174808502
Car 0.0 0 -1.85745370388031 667.9439697265625 180.8827362060547 698.087890625 199.2435302734375 4.010009 1.5661494 1.6520709 6.5731874 2.3192673 65.52395 -1.7574708461761475 0.12988539040088654
Car 0.0 0 -1.3706064224243164 519.5692749023438 182.8087158203125 552.0957641601562 208.20864868164062 4.241987 1.7641195 1.6122235 -5.533781 2.5399697 54.016857 -1.4726957082748413 0.11411157250404358
