Pedestrian 0.0 0 -0.9856801629066467 411.7536926269531 164.4501495361328 441.15008544921875 220.1895294189453 0.63621336 1.7639936 0.680119 -5.955406 1.4983935 23.243954 -1.2364978790283203 0.5726689100265503
Pedestrian 0.0 0 -2.3559505939483643 137.6846923828125 175.8385467529297 173.7584228515625 229.79083251953125 0.79617417 1.8715549 0.73129874 -16.106876 1.9793253 25.520433 -2.9189505577087402 0.32795700430870056
Pedestrian 0.0 0 -3.225900173187256 752.2896118164062 150.90695190429688 766.2691650390625 183.53009033203125 0.78692585 1.9748105 0.5966872 9.071152 0.64662474 44.01778 -3.0226659774780273 0.25314900279045105
Pedestrian 0.0 0 -0.0063214972615242004 661.4407348632812 161.15322875976562 685.95263671875 214.30606079101562 0.79070365 1.718975 0.5925377 2.0402188 1.3409272 23.658754 0.07970094680786133 0.24166090786457062
Pedestrian 0.0 0 0.2894299030303955 672.5757446289062 160.3341064453125 702.6441650390625 213.04566955566406 0.90502787 1.7761096 0.55480736 2.6182957 1.3546113 24.739513 0.39487195014953613 0.2282499074935913
Pedestrian 0.0 0 3.31557035446167 346.0559997558594 175.96722412109375 359.83050537109375 203.0108642578125 0.82800436 1.8733878 0.5268107 -17.977245 2.092575 50.38515 2.972853660583496 0.2191265970468521
Pedestrian 0.0 0 -1.7788852453231812 649.4285278320312 170.7119903564453 672.2572631835938 220.25169372558594 1.7760493 1.691118 0.44404608 1.7420799 1.6183553 25.538433 -1.710776686668396 0.12253689020872116
Cyclist 0.0 0 -2.5419795513153076 662.8410034179688 162.50648498535156 721.6544189453125 220.23257446289062 1.8036594 1.7073236 0.53380007 2.4606292 1.4016405 22.128096 -2.4312353134155273 0.5513306856155396
Cyclist 0.0 0 -1.778495192527771 649.0028076171875 170.04478454589844 672.0695190429688 220.05447387695312 1.7987005 1.7069327 0.44872576 1.7314904 1.6114064 25.546661 -1.7108211517333984 0.43273216485977173
Cyclist 0.0 0 -1.806470513343811 671.74853515625 161.9117431640625 694.5016479492188 213.171875 1.3449813 1.7208627 0.4776815 2.4710953 1.3538765 24.918901 -1.7076281309127808 0.19971072673797607
Cyclist 0.0 0 1.5747816562652588 664.4578857421875 161.1756591796875 682.950439453125 214.33013916015625 0.7731139 1.7134993 0.59447235 2.0447812 1.337392 23.66865 1.6609596014022827 0.10612839460372925
Car 0.0 0 -1.3792822360992432 421.13751220703125 174.65480041503906 528.7990112304688 255.8330535888672 3.9245481 1.5690068 1.6118777 -2.8997312 1.6142322 16.002571 -1.558541178703308 0.9265784025192261
Car 0.0 0 1.979361891746521 235.4279327392578 185.01966857910156 323.3868408203125 228.576416015625 3.9151103 1.4827334 1.6377124 -12.585251 1.9823263 27.633934 1.5520037412643433 0.8976942300796509
Car 0.0 0 -1.5199347734451294 584.2719116210938 175.33554077148438 611.6054077148438 199.27059936523438 4.0783296 1.4736556 1.5736617 -0.7773826 1.6424754 46.91469 -1.5365034341812134 0.6768754720687866
Car 0.0 0 2.190199375152588 94.88398742675781 177.34747314453125 200.8824005126953 217.9734344482422 3.9075053 1.4844238 1.5850515 -18.3455 1.6765285 28.794508 1.622933268547058 0.21504738926887512
Car 0.0 0 -1.335552453994751 480.18402099609375 175.6920928955078 507.4280700683594 192.58892822265625 3.9963796 1.4925512 1.5920081 -10.688164 1.762467 66.47529 -1.4949721097946167 0.20593670010566711
Car 0.0 0 1.9629372358322144 420.59722900390625 178.52281188964844 469.4781188964844 205.9910430908203 3.9292395 1.5227939 1.4417981 -9.7819195 1.8764236 42.904892 1.738777995109558 0.19279465079307556
Car 0.0 0 -1.162447452545166 0.0 171.26303100585938 5.4190993309021 341.3292236328125 4.446004 1.5215245 1.689967 -9.343648 1.5076486 8.828675 -1.976176381111145 0.19114090502262115
