Pedestrian 0.0 0 -0.08265352249145508 1016.99169921875 171.8314666748047 1043.662841796875 222.8856201171875 0.74863285 1.7536814 0.72129595 14.667915 1.7189162 25.268005 0.4432995319366455 0.41006749868392944
Pedestrian 0.0 0 1.9782822132110596 1120.542724609375 162.70291137695312 1153.1903076171875 225.922607421875 0.41024953 1.8590598 0.6832328 15.73323 1.5609115 21.613491 2.6075119972229004 0.37862494587898254
Pedestrian 0.0 0 1.4911439418792725 1140.7952880859375 149.84112548828125 1181.4227294921875 239.69325256347656 0.5293388 1.7613351 0.6084112 11.036879 1.310581 14.528255 2.1408138275146484 0.3061204254627228
Pedestrian 0.0 0 1.6325278282165527 585.3496704101562 155.26901245117188 600.7739868164062 197.4300079345703 0.58142984 1.9357679 0.6808283 -0.82127136 1.1287341 33.428894 1.607965111732483 0.29863137006759644
Pedestrian 0.0 0 -0.3648935556411743 1075.07861328125 147.12623596191406 1113.1866455078125 200.6213836669922 0.89975196 1.8129991 0.70170325 16.64809 0.94141984 24.893042 0.22457408905029297 0.23981072008609772
Pedestrian 0.0 0 2.344040870666504 1066.658447265625 144.93515014648438 1114.5206298828125 229.30174255371094 0.6398509 1.775909 0.5739569 10.290718 1.1885777 15.533543 2.9291419982910156 0.23319478332996368
Pedestrian 0.0 0 -0.5759642124176025 1146.6094970703125 111.6823959350586 1230.1729736328125 245.0865020751953 0.7421079 1.712393 0.43564093 7.5578346 0.927544 9.511215 0.0954897403717041 0.19817186892032623
Pedestrian 0.0 0 -0.4999755918979645 590.820068359375 169.05429077148438 609.864501953125 210.5508270263672 0.60066426 1.7875085 0.6337305 -0.46398345 1.6241895 31.501925 -0.5147032737731934 0.1863323599100113
Pedestrian 0.0 0 0.9317382574081421 1111.2552490234375 137.56878662109375 1161.066162109375 193.2122802734375 1.3887895 1.8010944 0.6369994 17.470858 0.65932435 24.050123 1.5599865913391113 0.18385890126228333
Pedestrian 0.0 0 -0.47653740644454956 820.48779296875 165.91726684570312 862.4137573242188 235.30130004882812 0.8274337 1.7321632 0.6131672 5.8420005 1.5593467 18.382086 -0.16882282495498657 0.16428089141845703
Pedestrian 0.0 0 1.1555795669555664 855.0789794921875 164.27114868164062 903.5170288085938 245.69268798828125 0.8377517 1.7558842 0.72821426 5.9085307 1.5711497 15.997908 1.5093713998794556 0.16393986344337463
Pedestrian 0.0 0 1.0178217887878418 978.1050415039062 177.55247497558594 1049.3853759765625 298.8165283203125 0.9352115 1.800089 0.55679274 6.2075744 1.8766915 11.225639 1.522951364517212 0.1525791436433792
Pedestrian 0.0 0 2.1098897457122803 1180.8197021484375 177.70066833496094 1230.7076416015625 261.27276611328125 0.5868704 1.6304584 0.548654 11.895708 1.7304494 14.472764 2.7978649139404297 0.1507744938135147
Pedestrian 0.0 0 -1.764169692993164 1182.0587158203125 156.1977081298828 1219.8681640625 226.97479248046875 0.5372548 1.7971673 0.6667977 15.269744 1.3745898 18.712595 -1.079740047454834 0.1432933211326599
Pedestrian 0.0 0 -1.1329864263534546 436.2282409667969 158.54725646972656 452.2450256347656 191.3907012939453 0.7114975 1.9159056 0.6830404 -9.79691 1.0816867 42.50726 -1.3595069646835327 0.12370076775550842
Pedestrian 0.0 0 -0.08857880532741547 501.1753234863281 144.5462188720703 521.534912109375 195.9740447998047 0.69381374 1.879203 0.6270221 -3.7036734 0.84517807 26.745987 -0.2261795848608017 0.12255741655826569
Cyclist 0.0 0 -2.0030181407928467 1127.3077392578125 195.59681701660156 1242.0 375.0 1.6294534 1.6612251 0.59449023 5.986877 1.9232318 7.4357667 -1.3251473903656006 0.234069362282753
Cyclist 0.0 0 2.3807504177093506 960.1433715820312 164.20651245117188 1004.02685546875 212.66220092773438 1.3136863 1.6794046 0.6191921 13.097035 1.3800528 25.487131 2.855431318283081 0.16969797015190125
Cyclist 0.0 0 0.9317382574081421 1111.2552490234375 137.56878662109375 1161.066162109375 193.2122802734375 1.3887895 1.8010944 0.6369994 17.470858 0.65932435 24.050123 1.5599865913391113 0.1265614777803421
Cyclist 0.0 0 -0.3202477693557739 1015.2078247070312 172.0144500732422 1045.942626953125 222.81298828125 0.73133713 1.7473689 0.74388254 14.668993 1.7188482 25.255585 0.20595073699951172 0.115541972219944
Car 0.0 0 -1.7898834943771362 686.5008544921875 182.80430603027344 806.9860229492188 265.8711242675781 4.1707883 1.4767056 1.6140461 2.7076993 1.7194297 15.452193 -1.616413950920105 0.9619895815849304
