Pedestrian 0.0 0 -0.10269474983215332 699.0033569335938 172.35694885253906 712.9713745117188 193.15696716308594 1.2505724 1.959755 0.64945316 9.067996 1.9132795 68.32259 0.02925729751586914 0.10813350230455399
Car 0.0 0 -1.7933554649353027 698.1847534179688 179.86135864257812 729.2085571289062 202.38526916503906 4.071985 1.7482994 1.6643151 8.4719515 2.3459578 59.40392 -1.651694655418396 0.4076422154903412
Car 0.0 0 1.4726223945617676 570.0723266601562 183.19949340820312 592.6983642578125 203.33644104003906 4.04183 1.6109922 1.5484033 -2.5104492 2.5305364 61.99664 1.432151198387146 0.345130056142807
Car 0.0 0 -1.775067687034607 615.4052734375 181.52565002441406 646.7560424804688 206.46243286132812 4.275437 1.7549628 1.5274037 1.5251429 2.438117 54.571938 -1.7471275329589844 0.32986214756965637
Car 0.0 0 1.3636512756347656 632.4425048828125 183.570556640625 661.346923828125 204.98658752441406 4.288706 1.7072893 1.6274709 3.1091158 2.6620412 62.01064 1.413747787475586 0.30400899052619934
Car 0.0 0 -1.3974603414535522 668.06689453125 181.54754638671875 696.8900756835938 203.80328369140625 4.0539565 1.7107083 1.6862224 5.9719 2.452334 59.34094 -1.2971609830856323 0.2638357877731323
Car 0.0 0 -1.0828732252120972 313.3453369140625 190.03602600097656 406.4847412109375 245.72996520996094 3.3149767 1.6857904 1.6479231 -8.506606 2.3162503 24.692135 -1.4146459102630615 0.2520821690559387
Car 0.0 0 -1.3580063581466675 541.6453247070312 183.6168975830078 569.833740234375 204.5760040283203 3.8882782 1.6622891 1.6067221 -4.600752 2.6082006 61.350502 -1.4328575134277344 0.22784075140953064
Car 0.0 0 -1.4566766023635864 590.56396484375 183.2807159423828 617.7342529296875 207.7095947265625 4.0600266 1.6950439 1.5815965 -0.42803815 2.5055747 53.959576 -1.4646090269088745 0.16694995760917664
Car 0.0 0 -1.980079174041748 497.79168701171875 199.9583282470703 545.3328247070312 229.4300994873047 3.0640168 1.4381928 1.5210785 -4.9754996 3.0072534 40.05136 -2.1036739349365234 0.12363571673631668
Car 0.0 0 1.4416877031326294 648.7117309570312 178.1296844482422 671.7745361328125 196.04397583007812 4.093318 1.5971624 1.6385822 4.6605935 2.1074865 67.65126 1.5104705095291138 0.1122254729270935
Car 0.0 0 -1.5591683387756348 603.6603393554688 187.25523376464844 624.1876220703125 203.18885803222656 3.8185883 1.2357161 1.6913687 0.33209798 2.4991198 61.35563 -1.553755760192871 0.11152908205986023
