Pedestrian 0.0 0 -0.3765904903411865 1224.6590576171875 165.37863159179688 1242.0 201.85137939453125 1.0249307 2.2006311 0.67968196 38.26028 1.749953 44.02306 0.338886022567749 0.25990530848503113
Pedestrian 0.0 0 0.4002123177051544 279.5825500488281 176.98944091796875 298.92449951171875 201.2198944091797 1.3964028 2.077284 0.6161859 -27.706503 2.436479 62.28525 -0.018335998058319092 0.2177177220582962
Cyclist 0.0 0 -1.2656114101409912 734.5689086914062 174.3295135498047 755.9268798828125 203.9800567626953 2.2111971 2.5176342 1.2157266 11.732564 2.6486945 62.650352 -1.0804851055145264 0.20251619815826416
Cyclist 0.0 0 -1.4080348014831543 948.740478515625 153.38626098632812 974.6883544921875 186.8265838623047 3.0844347 2.8334365 1.5532991 30.626547 1.1842699 62.841396 -0.9545481204986572 0.15317536890506744
Car 0.0 0 1.9004113674163818 273.20855712890625 186.22369384765625 312.8468017578125 209.5792999267578 4.6046314 1.7817568 1.6206738 -26.365118 2.939706 60.108326 1.4870555400848389 0.5447309613227844
Car 0.0 0 -1.5571703910827637 394.0082702636719 185.69969177246094 413.26898193359375 206.33160400390625 3.949052 1.7313535 1.6244519 -18.668999 2.9320579 65.302025 -1.8356297016143799 0.34432193636894226
Car 0.0 0 -2.445892572402954 1235.41455078125 173.40505981445312 1242.0 202.5704803466797 4.142465 1.6084642 1.635868 39.161465 1.64257 42.028404 -1.695791244506836 0.2926245331764221
Car 0.0 0 1.013386845588684 1223.5828857421875 176.3299560546875 1242.0 208.40000915527344 3.8716688 1.713712 1.5451413 37.022995 1.9216136 41.037693 1.7473998069763184 0.21237260103225708
Car 0.0 0 -1.0540592670440674 217.27064514160156 188.6831512451172 262.1883850097656 209.3646240234375 3.867516 1.5775076 1.6264601 -30.761538 2.9376113 60.011425 -1.5277317762374878 0.20160576701164246
Car 0.0 0 -1.3053109645843506 219.0450439453125 186.5402069091797 250.8846435546875 210.1309051513672 3.7334945 1.9221212 1.545914 -32.767 3.156784 63.08172 -1.784387230873108 0.109226293861866
Car 0.0 0 -1.7079815864562988 634.085205078125 189.8133544921875 658.4570922851562 207.17262268066406 2.8868265 1.4134471 1.7510357 3.1339855 2.9354417 63.22095 -1.6584502458572388 0.10675477981567383
Car 0.0 0 -1.4832215309143066 491.8567810058594 178.07469177246094 513.4364624023438 197.26991271972656 4.1552243 1.7129271 1.646427 -10.054419 2.218246 67.663376 -1.6307368278503418 0.10386492311954498
