Pedestrian 0.0 0 -0.7852979898452759 386.708251953125 176.96388244628906 407.8407897949219 226.8562774658203 0.5383827 1.9306011 0.5883988 -8.402039 2.09464 28.356424 -1.0733578205108643 0.4897848665714264
Pedestrian 0.0 0 -1.3740625381469727 423.3952941894531 174.96189880371094 452.7200012207031 209.29615783691406 2.1234326 2.0445385 1.3597975 -10.540306 2.1771555 44.18326 -1.6082442998886108 0.10869625210762024
Pedestrian 0.0 0 -2.3618884086608887 0.0 0.0 1242.0 375.0 1.2917327 1.8446805 0.38210598 15.615679 1.5266032 -0.04503429 -0.7882083058357239 0.1036253422498703
Pedestrian 0.0 0 -2.641995906829834 0.0 0.0 1242.0 375.0 1.3296875 1.9329171 0.47322354 16.879675 1.9299908 -0.06507014 -1.0673447847366333 0.1015152707695961
Cyclist 0.0 0 -0.73199462890625 414.8286437988281 180.81723022460938 441.1283874511719 214.0590362548828 2.219509 2.7682648 0.7980923 -15.594279 3.463066 61.776165 -0.9792609214782715 0.5073695182800293
Car 0.0 0 1.3566069602966309 565.791015625 182.05160522460938 597.6212158203125 206.1397705078125 4.314903 1.7722567 1.6316918 -2.3067725 2.5301096 57.128246 1.3162500858306885 0.24086648225784302
Car 0.0 0 -1.419480323791504 95.88103485107422 186.4458465576172 132.95140075683594 218.9573211669922 4.278115 2.0859847 1.509043 -34.611435 3.0788486 50.43127 -2.020958423614502 0.1344006359577179
Car 0.0 0 -3.1857047080993652 0.0 0.0 1242.0 375.0 3.4931092 1.6109046 1.6706475 19.668114 1.6275942 0.56868553 -1.6438145637512207 0.12689214944839478
Car 0.0 0 -1.3681848049163818 510.4555358886719 185.66233825683594 538.2259521484375 207.6221160888672 3.545323 1.7041872 1.6131668 -7.1099634 2.8016527 59.96661 -1.4861992597579956 0.12680722773075104
Car 0.0 0 -1.6053913831710815 60.15234375 181.5353546142578 90.92547607421875 206.81382751464844 3.787557 1.6460487 1.5909806 -37.32245 2.2756114 50.31595 -2.2435991764068604 0.12666215002536774
Car 0.0 0 -1.5729727745056152 528.2316284179688 179.19497680664062 546.4558715820312 198.8427734375 3.6914387 1.6655045 1.5702826 -6.5019364 2.2479334 64.31432 -1.6737266778945923 0.11915582418441772
Car 0.0 0 1.4474836587905884 703.0113525390625 186.65509033203125 731.7044677734375 209.89134216308594 3.8661313 1.6212776 1.6788447 8.060902 2.7036123 54.612354 1.5940277576446533 0.11462433636188507
Car 0.0 0 1.4117658138275146 652.2233276367188 177.11888122558594 676.5097045898438 195.85928344726562 3.985733 1.6787161 1.6543869 5.0446086 2.0909412 67.62196 1.4862279891967773 0.10049161314964294
