Car 0.0 0 1.4195829629898071 599.76416015625 181.85438537597656 625.9840698242188 203.25596618652344 4.1969028 1.6937476 1.6017945 0.1854863 2.4841514 61.139484 1.422616720199585 0.3594074249267578
Car 0.0 0 1.9307975769042969 289.0723876953125 188.74244689941406 333.2054138183594 214.89639282226562 4.4942865 1.8404659 1.6783333 -23.072506 3.1198099 55.80662 1.5387617349624634 0.3108072280883789
Car 0.0 0 -1.6784086227416992 644.7631225585938 181.43511962890625 666.6515502929688 202.251708984375 4.041138 1.7651718 1.5352161 4.0628242 2.5621433 64.92689 -1.6159147024154663 0.28506699204444885
Car 0.0 0 -1.119570255279541 236.82229614257812 186.0576171875 276.8357849121094 208.0960693359375 3.3527195 1.6359175 1.5454671 -28.001017 2.7146566 57.248363 -1.5744718313217163 0.1783212125301361
Car 0.0 0 2.0843048095703125 253.75521850585938 184.93307495117188 303.640380859375 209.1156005859375 4.1521006 1.6953703 1.615789 -25.14469 2.6498132 54.852757 1.654484748840332 0.1711978018283844
Car 0.0 0 1.8509856462478638 219.3652801513672 180.3720245361328 269.68670654296875 210.5485382080078 4.175263 1.7243323 1.6816103 -22.51502 2.211755 44.535122 1.38290274143219 0.14528435468673706
Car 0.0 0 -1.823250412940979 665.240234375 184.66128540039062 695.7388305664062 203.863037109375 5.022944 1.5955106 1.5532913 6.3542924 2.714465 65.752495 -1.7269099950790405 0.13805416226387024
Car 0.0 0 -1.7127258777618408 624.5860595703125 182.57569885253906 648.6173095703125 201.70042419433594 4.0165577 1.628148 1.6272233 2.3679686 2.5408084 65.62477 -1.676658034324646 0.13377933204174042
Car 0.0 0 1.609484076499939 513.3134155273438 180.46485900878906 532.5579833984375 197.80612182617188 3.9808803 1.5338297 1.641126 -8.156576 2.269606 67.66733 1.4895235300064087 0.12270347028970718
Car 0.0 0 1.2656018733978271 540.44970703125 182.49375915527344 571.2513427734375 203.50892639160156 3.9723094 1.7411581 1.5949724 -4.848249 2.6236136 63.882217 1.189853549003601 0.11440469324588776
Car 0.0 0 -1.363534927368164 567.5445556640625 182.6853790283203 595.239501953125 205.51751708984375 3.5565877 1.918015 1.767816 -2.5333378 2.8183656 64.14803 -1.4030064344406128 0.10228817164897919
