Pedestrian 0.0 0 0.26490670442581177 987.565185546875 145.01416015625 1108.8656005859375 327.3423767089844 0.93479425 1.7758619 0.71459603 4.6588078 1.4218634 7.579167 0.8160548210144043 0.8066070079803467
Pedestrian 0.0 0 1.4756333827972412 685.4268798828125 169.0037384033203 708.6456909179688 222.58480834960938 1.0399884 1.7754965 0.6811639 3.2057579 1.3624976 24.332449 1.6066272258758545 0.6602585911750793
Pedestrian 0.0 0 -1.8185120820999146 537.00537109375 167.62538146972656 560.7827758789062 222.8723907470703 0.9102392 1.7588553 0.56421494 -1.7421893 1.3182414 23.387457 -1.8928672075271606 0.657135009765625
Pedestrian 0.0 0 -3.2226526737213135 1106.0911865234375 128.66697692871094 1155.2977294921875 239.20648193359375 0.5970017 1.7319429 0.5537299 8.525176 0.90544856 11.644476 -2.5906920433044434 0.6176616549491882
Pedestrian 0.0 0 1.7446043491363525 728.4697265625 160.6470947265625 773.6097412109375 259.1150817871094 0.92550224 1.7947944 0.69271547 2.8126566 1.4159718 13.6483755 1.9478391408920288 0.5029759407043457
Pedestrian 0.0 0 1.3533504009246826 848.3657836914062 145.8460693359375 938.5536499023438 337.8787841796875 0.6904891 1.7168336 0.6530554 2.695939 1.3994566 6.812221 1.7301878929138184 0.4602992534637451
Pedestrian 0.0 0 2.5577774047851562 961.3177490234375 133.84532165527344 1025.9449462890625 261.3247375488281 0.58718216 1.7737353 0.5860773 5.5737495 1.1119928 10.309983 3.0533881187438965 0.39106854796409607
Pedestrian 0.0 0 2.280914783477783 7.0399699211120605 187.04586791992188 55.90825653076172 254.62643432617188 0.7145116 1.6815779 0.6733026 -14.545134 1.8269262 18.301968 1.609395146369934 0.33301547169685364
Pedestrian 0.0 0 -3.418790102005005 922.3071899414062 179.8464813232422 982.1425170898438 285.1396484375 0.79524297 1.7964858 0.6549994 6.118485 1.7695551 12.64465 -2.9681220054626465 0.29042574763298035
Pedestrian 0.0 0 -1.4314160346984863 813.8467407226562 147.88064575195312 837.4857177734375 200.3929901123047 0.85105133 1.8261694 0.69105077 7.94532 0.65808815 25.510544 -1.129485845565796 0.25168827176094055
Pedestrian 0.0 0 1.7543094158172607 351.0330505371094 165.99331665039062 403.28204345703125 267.5262451171875 1.9050822 1.7707709 0.603833 -4.2223887 1.5016056 13.507142 1.4513297080993652 0.1290164738893509
Cyclist 0.0 0 1.7543094158172607 351.0330505371094 165.99331665039062 403.28204345703125 267.5262451171875 1.9050822 1.7707709 0.603833 -4.2223887 1.5016056 13.507142 1.4513297080993652 0.32477229833602905
Cyclist 0.0 0 0.40524357557296753 512.2203979492188 159.8307342529297 546.0849609375 191.56700134277344 1.8319376 1.7764622 0.5792561 -4.1019206 0.5643148 40.75801 0.30494046211242676 0.2896701693534851
Cyclist 0.0 0 -2.6712584495544434 464.5268249511719 167.1282196044922 528.200439453125 223.8692169189453 1.8783993 1.7159954 0.6238738 -3.2920172 1.2824762 22.31632 -2.817718267440796 0.2529509365558624
Cyclist 0.0 0 -1.2011650800704956 445.4186096191406 168.31105041503906 490.3231506347656 238.3334503173828 1.8105149 1.825508 0.59811836 -3.6627896 1.4828391 19.669508 -1.3852729797363281 0.23673173785209656
Car 0.0 0 2.2782235145568848 0.0 188.55471801757812 410.7850341796875 374.0 4.0238085 1.539605 1.6189232 -2.7382097 1.6030564 4.2168145 1.7023018598556519 0.8831754326820374
Car 0.0 0 -0.20309805870056152 810.511474609375 145.97035217285156 942.8310546875 191.3797149658203 4.1864004 1.558423 1.6332426 9.754618 0.3401371 25.787071 0.15854120254516602 0.30625858902931213
Car 0.0 0 1.7758629322052002 472.19049072265625 181.31919860839844 539.3347778320312 225.01295471191406 4.3367567 1.4879751 1.6183296 -3.4769044 1.4828923 26.683256 1.6462901830673218 0.306056946516037
Car 0.0 0 3.0129356384277344 203.4397430419922 157.333251953125 320.8787841796875 200.26727294921875 3.9344783 1.5574487 1.6392144 -13.123418 0.68183744 27.80643 2.5719738006591797 0.2979028522968292
Car 0.0 0 3.4980459213256836 2.459597587585449 207.718017578125 107.23263549804688 242.70831298828125 3.631398 1.4997927 1.5477556 -25.75012 2.7859118 33.94618 2.849090576171875 0.2528136372566223
Car 0.0 0 -2.448065757751465 570.1071166992188 182.27056884765625 626.1229858398438 204.80465698242188 3.814447 1.5300158 1.5959685 -0.24358884 1.5869868 50.722115 -2.4528682231903076 0.23661290109157562
